191001191012   -0.53
191101191112   -0.80
191201191212   -0.46
191301191312   -1.37
191401191412   -0.44
191501191512    0.09
191601191612   -0.54
191701191712   -1.27
191801191812   -0.88
191901191912   -0.77
192001192012   -0.70
192101192112   -0.97
192201192212   -0.76
192301192312   -0.76
192401192412   -0.56
192501192512   -0.71
192601192612   -0.31
192701192712   -0.45
192801192812    0.63
192901192912   -0.93
193001193012   -0.85
193101193112   -0.38
193201193212   -0.62
193301193312   -0.72
193401193412   -0.26
193501193512   -0.21
193601193612   -0.10
193701193712   -0.45
193801193812    0.07
193901193912   -1.20
194001194012   -0.77
194101194112   -0.94
194201194212    0.54
194301194312   -0.30
194401194412   -0.82
194501194512   -0.51
194601194612   -1.07
194701194712   -0.12
194801194812   -0.52
194901194912   -1.39
195001195012   -1.13
195101195112   -0.46
195201195212   -0.22
195301195312   -0.59
195401195412   -0.40
195501195512    0.16
195601195612   -0.86
195701195712   -0.08
195801195812    0.46
195901195912    0.20
196001196012   -0.53
196101196112   -0.04
196201196212   -0.23
196301196312   -0.13
196401196412    0.17
196501196512    0.25
196601196612   -0.44
196701196712   -0.61
196801196812   -0.26
196901196912   -0.16
197001197012    0.16
197101197112    0.21
197201197212   -0.01
197301197312    0.61
197401197412   -1.18
197501197512   -0.58
197601197612   -1.31
197701197712   -0.78
197801197812   -0.51
197901197912    0.41
198001198012    1.05
198101198112    0.44
198201198212   -0.51
198301198312    0.31
198401198412   -0.32
198501198512    0.36
198601198612    0.86
198701198712    0.26
198801198812    1.08
198901198912    0.20
199001199012    0.96
199101199112    0.55
199201199212    1.00
199301199312    0.41
199401199412   -0.16
199501199512    0.32
199601199612    0.90
199701199712    0.03
199801199812    1.34
199901199912    0.32
200001200012   -0.36
200101200112   -0.41
200201200212    0.42
200301200312    0.45
200401200412    0.39
200501200512    1.31
200601200612    0.00
200701200712    0.29
200801200812    0.53
200901200912    0.65
201001201012   -0.02
201101201112   -0.78
201201201212   -0.13
201301201312    1.51
201401201412    0.48
201501201512    0.44
201601201612    1.13
201701201712    0.77
201801201812    1.01
201901201912    1.40
202001202012    1.23
202101202112    0.67
202201202212    0.77
202301202312    0.44
202401202412    0.95
202501202512    0.90
