191001191012   -0.22
191101191112   -0.48
191201191212   -0.38
191301191312   -0.46
191401191412    0.59
191501191512   -0.46
191601191612   -0.62
191701191712   -0.63
191801191812   -0.21
191901191912    0.30
192001192012   -0.37
192101192112    0.40
192201192212   -0.26
192301192312   -0.19
192401192412   -1.12
192501192512   -0.56
192601192612   -0.14
192701192712   -0.44
192801192812   -0.07
192901192912   -0.93
193001193012    0.12
193101193112   -0.74
193201193212   -0.63
193301193312   -0.38
193401193412   -0.02
193501193512   -0.68
193601193612   -0.48
193701193712   -0.10
193801193812    0.14
193901193912   -0.10
194001194012   -0.27
194101194112   -0.47
194201194212    0.06
194301194312   -0.94
194401194412   -0.64
194501194512   -0.70
194601194612   -0.98
194701194712   -0.15
194801194812   -0.87
194901194912   -1.13
195001195012   -0.21
195101195112   -0.12
195201195212   -0.79
195301195312   -0.50
195401195412   -0.51
195501195512   -0.41
195601195612   -0.73
195701195712   -0.57
195801195812   -0.57
195901195912    0.18
196001196012   -0.48
196101196112    0.41
196201196212   -0.11
196301196312   -0.02
196401196412   -0.75
196501196512   -0.26
196601196612   -0.54
196701196712   -0.08
196801196812    0.02
196901196912   -0.31
197001197012   -0.55
197101197112   -0.10
197201197212    0.14
197301197312    0.18
197401197412    0.03
197501197512    0.30
197601197612   -0.31
197701197712   -0.10
197801197812   -0.12
197901197912    0.22
198001198012    0.43
198101198112    0.58
198201198212    0.40
198301198312    0.21
198401198412   -0.45
198501198512    0.01
198601198612   -0.48
198701198712   -0.14
198801198812    0.84
198901198912    0.19
199001199012    0.52
199101199112    0.24
199201199212   -0.38
199301199312    0.16
199401199412   -0.02
199501199512   -0.37
199601199612   -0.45
199701199712    0.31
199801199812    0.08
199901199912    0.52
200001200012    0.61
200101200112    0.53
200201200212    0.43
200301200312    0.32
200401200412    0.13
200501200512    0.54
200601200612    0.38
200701200712    1.25
200801200812    0.43
200901200912    1.10
201001201012    0.50
201101201112    0.57
201201201212    0.48
201301201312    1.09
201401201412    1.21
201501201512    0.81
201601201612    0.93
201701201712    0.92
201801201812    1.15
201901201912    1.05
202001202012    0.44
202101202112    0.27
202201202212    0.47
202301202312    0.70
202401202412    1.09
202501202512    0.94
