191001191012   -0.66
191101191112   -0.52
191201191212   -0.21
191301191312   -0.50
191401191412    0.65
191501191512   -0.20
191601191612   -0.98
191701191712   -1.21
191801191812   -0.11
191901191912    0.12
192001192012   -0.77
192101192112   -0.13
192201192212   -0.41
192301192312   -0.21
192401192412   -1.28
192501192512   -0.70
192601192612   -0.30
192701192712   -0.60
192801192812   -0.14
192901192912   -1.20
193001193012    0.09
193101193112   -1.23
193201193212   -0.58
193301193312   -0.69
193401193412   -0.07
193501193512   -0.62
193601193612   -0.52
193701193712   -0.42
193801193812   -0.07
193901193912   -0.44
194001194012   -0.37
194101194112   -0.50
194201194212    0.07
194301194312   -0.91
194401194412   -0.43
194501194512   -0.69
194601194612   -0.96
194701194712   -0.21
194801194812   -0.69
194901194912   -1.20
195001195012   -0.44
195101195112    0.03
195201195212   -0.95
195301195312   -0.37
195401195412   -0.62
195501195512   -0.44
195601195612   -1.00
195701195712    0.12
195801195812   -0.47
195901195912    0.24
196001196012   -0.56
196101196112    0.33
196201196212    0.00
196301196312    0.22
196401196412   -0.61
196501196512    0.43
196601196612   -0.61
196701196712   -0.11
196801196812   -0.15
196901196912   -0.25
197001197012   -0.50
197101197112   -0.20
197201197212    0.10
197301197312    0.53
197401197412   -0.42
197501197512   -0.10
197601197612   -0.91
197701197712    0.23
197801197812   -0.45
197901197912    0.42
198001198012    0.78
198101198112    0.44
198201198212    0.36
198301198312    0.31
198401198412   -0.46
198501198512   -0.08
198601198612   -0.16
198701198712   -0.10
198801198812    0.50
198901198912   -0.27
199001199012    0.61
199101199112    0.85
199201199212   -0.41
199301199312    0.39
199401199412    0.23
199501199512    0.09
199601199612    0.41
199701199712    0.51
199801199812    0.52
199901199912    0.73
200001200012    0.76
200101200112    0.35
200201200212    0.63
200301200312    0.70
200401200412    0.75
200501200512    1.12
200601200612    0.89
200701200712    1.20
200801200812    0.55
200901200912    1.25
201001201012    0.05
201101201112    0.65
201201201212    0.54
201301201312    1.66
201401201412    1.43
201501201512    0.94
201601201612    0.70
201701201712    1.15
201801201812    1.27
201901201912    1.47
202001202012    0.71
202101202112    0.36
202201202212    0.17
202301202312    1.16
202401202412    1.62
202501202512    1.50
