191001191012   -0.44
191101191112   -0.53
191201191212   -0.18
191301191312   -0.78
191401191412   -0.11
191501191512   -0.16
191601191612   -0.59
191701191712   -1.29
191801191812   -0.31
191901191912   -0.29
192001192012   -0.45
192101192112   -0.04
192201192212   -0.64
192301192312   -0.54
192401192412   -0.33
192501192512   -0.81
192601192612   -0.41
192701192712   -0.51
192801192812    0.09
192901192912   -0.83
193001193012    0.13
193101193112   -0.72
193201193212   -0.35
193301193312   -0.22
193401193412   -0.42
193501193512   -0.72
193601193612    0.26
193701193712   -0.28
193801193812    0.17
193901193912   -0.50
194001194012    0.06
194101194112   -0.01
194201194212   -0.51
194301194312   -0.70
194401194412   -0.09
194501194512   -0.09
194601194612   -0.59
194701194712   -0.23
194801194812   -0.28
194901194912   -0.56
195001195012   -0.29
195101195112   -0.41
195201195212   -0.59
195301195312   -0.32
195401195412   -0.17
195501195512   -0.47
195601195612   -0.59
195701195712    0.27
195801195812    0.16
195901195912    0.57
196001196012   -0.81
196101196112    0.27
196201196212    0.05
196301196312   -0.10
196401196412   -0.22
196501196512    0.38
196601196612   -0.54
196701196712   -0.31
196801196812   -0.81
196901196912   -0.11
197001197012    0.13
197101197112   -0.37
197201197212    0.53
197301197312    0.28
197401197412   -0.69
197501197512   -0.36
197601197612   -0.34
197701197712    0.41
197801197812   -0.12
197901197912    0.35
198001198012    0.55
198101198112    0.07
198201198212   -0.18
198301198312    0.28
198401198412   -0.28
198501198512    0.44
198601198612   -0.02
198701198712    0.06
198801198812    0.50
198901198912   -0.01
199001199012    0.23
199101199112    0.76
199201199212   -0.02
199301199312   -0.07
199401199412    0.45
199501199512   -0.06
199601199612    0.81
199701199712    0.23
199801199812    1.08
199901199912    0.08
200001200012   -0.40
200101200112   -0.35
200201200212    0.65
200301200312    0.56
200401200412    0.34
200501200512    0.97
200601200612    0.21
200701200712    0.65
200801200812    0.46
200901200912    0.82
201001201012    0.79
201101201112    0.08
201201201212    0.38
201301201312    1.11
201401201412    0.95
201501201512    1.04
201601201612    0.69
201701201712    0.65
201801201812    0.76
201901201912    1.68
202001202012    1.23
202101202112    0.43
202201202212    0.49
202301202312    1.02
202401202412    1.56
202501202512    1.27
