191001191012   -0.25
191101191112   -0.49
191201191212   -0.59
191301191312   -0.78
191401191412   -0.06
191501191512   -0.61
191601191612   -0.48
191701191712   -0.30
191801191812   -0.16
191901191912   -0.04
192001192012   -0.29
192101192112    0.32
192201192212   -0.14
192301192312   -0.66
192401192412   -0.94
192501192512   -0.81
192601192612   -0.20
192701192712   -0.91
192801192812   -0.15
192901192912   -0.97
193001193012   -0.12
193101193112   -0.75
193201193212   -0.41
193301193312   -0.80
193401193412   -0.01
193501193512   -0.39
193601193612   -0.42
193701193712   -0.38
193801193812   -0.21
193901193912   -0.26
194001194012   -0.58
194101194112   -0.47
194201194212   -0.25
194301194312   -0.85
194401194412   -0.75
194501194512   -0.82
194601194612   -1.18
194701194712   -0.18
194801194812   -0.86
194901194912   -1.16
195001195012   -0.39
195101195112   -0.45
195201195212   -0.84
195301195312   -0.59
195401195412   -0.34
195501195512   -0.59
195601195612   -0.34
195701195712   -0.79
195801195812   -0.73
195901195912    0.11
196001196012   -0.30
196101196112    0.56
196201196212   -0.14
196301196312   -0.31
196401196412   -0.77
196501196512   -0.47
196601196612   -0.21
196701196712   -0.27
196801196812   -0.40
196901196912   -0.12
197001197012   -0.25
197101197112    0.19
197201197212    0.33
197301197312    0.27
197401197412    0.29
197501197512   -0.04
197601197612   -0.09
197701197712   -0.25
197801197812   -0.22
197901197912    0.02
198001198012    0.35
198101198112    0.59
198201198212    0.09
198301198312   -0.08
198401198412   -0.20
198501198512    0.14
198601198612   -0.26
198701198712   -0.12
198801198812    0.86
198901198912    0.41
199001199012    0.25
199101199112   -0.16
199201199212   -0.21
199301199312    0.37
199401199412   -0.14
199501199512   -0.56
199601199612   -0.49
199701199712    0.01
199801199812    0.08
199901199912    0.65
200001200012    0.61
200101200112    0.54
200201200212    0.39
200301200312    0.34
200401200412   -0.14
200501200512    0.58
200601200612   -0.27
200701200712    0.78
200801200812    0.06
200901200912    0.51
201001201012    0.45
201101201112    0.30
201201201212    0.49
201301201312    0.63
201401201412    0.80
201501201512    0.19
201601201612    0.84
201701201712    0.55
201801201812    0.70
201901201912    0.40
202001202012    0.18
202101202112    0.33
202201202212    0.55
202301202312    0.79
202401202412    0.79
202501202512    0.29
