191001191012   -0.55
191101191112   -0.88
191201191212   -0.04
191301191312   -1.08
191401191412    0.13
191501191512    0.63
191601191612   -0.34
191701191712   -1.37
191801191812   -0.95
191901191912   -0.08
192001192012   -0.43
192101192112   -0.25
192201192212   -0.27
192301192312   -0.19
192401192412   -0.70
192501192512   -0.85
192601192612    0.32
192701192712   -0.45
192801192812    0.12
192901192912   -0.73
193001193012   -0.70
193101193112   -0.13
193201193212   -0.29
193301193312   -0.45
193401193412   -0.58
193501193512   -0.22
193601193612   -0.30
193701193712   -0.50
193801193812    0.26
193901193912   -0.80
194001194012   -0.34
194101194112   -1.08
194201194212    0.50
194301194312   -0.47
194401194412   -0.59
194501194512   -0.20
194601194612   -0.69
194701194712   -0.37
194801194812   -0.40
194901194912   -1.04
195001195012   -1.02
195101195112   -0.78
195201195212   -0.00
195301195312   -0.60
195401195412   -0.54
195501195512   -0.35
195601195612   -1.26
195701195712   -0.17
195801195812    0.38
195901195912   -0.12
196001196012   -0.71
196101196112   -0.42
196201196212   -0.15
196301196312   -0.39
196401196412   -0.05
196501196512    0.01
196601196612   -0.41
196701196712   -0.07
196801196812   -0.18
196901196912    0.39
197001197012   -0.06
197101197112   -0.23
197201197212   -0.19
197301197312    0.81
197401197412   -0.75
197501197512   -0.07
197601197612   -0.93
197701197712   -0.37
197801197812   -0.38
197901197912    0.28
198001198012    0.72
198101198112    0.13
198201198212   -0.04
198301198312    0.46
198401198412   -0.41
198501198512    0.09
198601198612    0.56
198701198712    0.53
198801198812    0.98
198901198912   -0.09
199001199012    0.33
199101199112    0.28
199201199212    0.30
199301199312    0.73
199401199412    0.06
199501199512    0.56
199601199612    0.64
199701199712    0.33
199801199812    1.13
199901199912    0.34
200001200012   -0.02
200101200112    0.48
200201200212    1.00
200301200312    1.13
200401200412    0.82
200501200512    1.49
200601200612    0.87
200701200712    0.73
200801200812    0.40
200901200912    0.86
201001201012    0.16
201101201112   -0.18
201201201212    0.13
201301201312    1.45
201401201412    1.19
201501201512    1.24
201601201612    1.42
201701201712    1.62
201801201812    1.37
201901201912    1.29
202001202012    1.39
202101202112    1.03
202201202212    0.72
202301202312    1.14
202401202412    1.62
202501202512    1.22
