191001191012   -0.33
191101191112   -0.73
191201191212   -0.13
191301191312   -0.37
191401191412    1.00
191501191512    0.15
191601191612   -0.58
191701191712   -1.05
191801191812   -0.51
191901191912    0.64
192001192012   -0.49
192101192112    0.06
192201192212   -0.04
192301192312    0.09
192401192412   -1.06
192501192512   -0.68
192601192612   -0.04
192701192712   -0.59
192801192812    0.08
192901192912   -0.66
193001193012    0.01
193101193112   -0.65
193201193212   -0.32
193301193312   -0.42
193401193412   -0.38
193501193512   -0.67
193601193612   -0.52
193701193712   -0.19
193801193812    0.54
193901193912   -0.05
194001194012    0.21
194101194112   -0.55
194201194212    0.20
194301194312   -0.84
194401194412   -0.20
194501194512   -0.25
194601194612   -0.43
194701194712   -0.44
194801194812   -0.75
194901194912   -0.89
195001195012   -0.21
195101195112   -0.33
195201195212   -0.47
195301195312   -0.39
195401195412   -0.30
195501195512   -0.34
195601195612   -1.27
195701195712    0.06
195801195812    0.03
195901195912    0.07
196001196012   -0.51
196101196112    0.01
196201196212   -0.47
196301196312   -0.16
196401196412   -0.62
196501196512    0.25
196601196612   -0.58
196701196712    0.16
196801196812   -0.13
196901196912   -0.12
197001197012   -0.68
197101197112   -0.51
197201197212    0.02
197301197312    0.71
197401197412   -0.48
197501197512    0.13
197601197612   -0.72
197701197712    0.23
197801197812   -0.34
197901197912    0.63
198001198012    0.94
198101198112    0.60
198201198212    0.56
198301198312    0.33
198401198412   -0.65
198501198512   -0.07
198601198612   -0.13
198701198712    0.11
198801198812    0.63
198901198912   -0.06
199001199012    0.55
199101199112    0.69
199201199212   -0.41
199301199312    0.34
199401199412    0.17
199501199512    0.03
199601199612   -0.01
199701199712    0.68
199801199812    0.60
199901199912    0.41
200001200012    0.34
200101200112    0.59
200201200212    0.98
200301200312    0.75
200401200412    0.71
200501200512    1.11
200601200612    1.08
200701200712    1.27
200801200812    0.35
200901200912    1.46
201001201012    0.23
201101201112    0.44
201201201212    0.23
201301201312    1.31
201401201412    1.51
201501201512    1.01
201601201612    1.16
201701201712    1.47
201801201812    1.66
201901201912    1.93
202001202012    0.94
202101202112    0.19
202201202212    0.17
202301202312    1.32
202401202412    1.55
202501202512    1.49
